0 0.5349705882352941 0.5558823529411765 0.16938235294117648 0.20294117647058824
0 0.6967058823529412 0.5463235294117647 0.15764705882352942 0.20147058823529412
0 0.8444705882352941 0.538235294117647 0.182 0.20588235294117646
0 0.5136470588235293 0.2647058823529412 0.162 0.17058823529411765
0 0.11073529411764706 0.5705882352941176 0.18838235294117647 0.21176470588235294
0 0.17102941176470587 0.8889705882352941 0.13841176470588237 0.18088235294117647
0 0.7040294117647059 0.8625 0.1746764705882353 0.20441176470588235
0 0.8540294117647059 0.8698529411764706 0.16355882352941176 0.19852941176470587
0 0.39967647058823524 0.5676470588235294 0.13111764705882353 0.17647058823529413
0 0.5878823529411764 0.8933823529411765 0.14291176470588235 0.1514705882352941
0 0.6614117647058824 0.27205882352941174 0.16058823529411764 0.13823529411764707
0 0.8113823529411764 0.26691176470588235 0.17464705882352943 0.13676470588235295