0 0.32329411764705884 0.2436078431372549 0.08499999999999999 0.15537254901960784
0 0.23505882352941176 0.24584313725490195 0.09629411764705884 0.14780392156862746
0 0.1451470588235294 0.24282352941176472 0.09061764705882352 0.1629019607843137
0 0.07388235294117647 0.2549019607843137 0.08605882352941177 0.1568627450980392
0 0.4494117647058824 0.5384705882352941 0.07935294117647058 0.1447843137254902
0 0.3725 0.5407058823529411 0.08388235294117646 0.14933333333333332
0 0.3046176470588235 0.5490196078431373 0.07479411764705882 0.13576470588235293
0 0.23676470588235293 0.5550588235294117 0.07705882352941176 0.1387450980392157
0 0.16947058823529412 0.5527843137254902 0.07817647058823529 0.14329411764705882
0 0.0965 0.5641176470588235 0.09058823529411765 0.1568627450980392
0 0.5252058823529412 0.7413333333333333 0.0703235294117647 0.1251764705882353
0 0.45732352941176474 0.7496078431372549 0.0703235294117647 0.1267058823529412
0 0.3719411764705882 0.8800784313725489 0.09405882352941176 0.1402745098039216
0 0.2978529411764706 0.8823529411764706 0.0996764705882353 0.1568627450980392
0 0.0705 0.9034509803921569 0.09511764705882354 0.165921568627451
0 0.6694117647058824 0.5226274509803922 0.08732352941176472 0.1402745098039216
0 0.9402941176470588 0.5067843137254902 0.09305882352941176 0.1387450980392157
0 0.8102352941176472 0.508313725490196 0.09076470588235294 0.1327450980392157
0 0.8526176470588235 0.8265490196078432 0.10717647058823529 0.1387450980392157
0 0.7118235294117647 0.7767843137254903 0.07944117647058824 0.1327450980392157