0 0.6358235294117647 0.19426048565121412 0.10626470588235296 0.1030242825607064
0 0.2711470588235294 0.1891169977924945 0.12970588235294117 0.12509933774834436
0 0.38682352941176473 0.1891169977924945 0.12188235294117647 0.11331125827814569
0 0.514264705882353 0.1883664459161148 0.13758823529411765 0.11479028697571744
0 0.5936470588235294 0.045629139072847685 0.10820588235294118 0.09123620309050773
0 0.2956470588235294 0.04929359823399558 0.11991176470588236 0.09860927152317882
0 0.16920588235294118 0.051501103752759375 0.13358823529411765 0.1000662251655629
0 0.07020588235294117 0.06253863134657836 0.11591176470588234 0.08977924944812363
0 0.4750588235294118 0.05518763796909492 0.11405882352941177 0.08682119205298013
0 0.8505 0.04415011037527594 0.10041176470588235 0.08830022075055188
0 0.762264705882353 0.046357615894039736 0.08864705882352941 0.09271523178807947
0 0.1623529411764706 0.20015452538631348 0.12379411764705883 0.11479028697571744
0 0.814235294117647 0.1891169977924945 0.11020588235294117 0.08977924944812363
0 0.726 0.19353200883002208 0.09058823529411765 0.08977924944812363
0 0.9083235294117646 0.175121412803532 0.1063235294117647 0.09713024282560706
0 0.31623529411764706 0.31860927152317886 0.11008823529411764 0.10154525386313466
0 0.20547058823529413 0.32598233995584985 0.10811764705882353 0.10154525386313466
0 0.11529411764705884 0.32818984547461366 0.1041764705882353 0.1118543046357616
0 0.4113235294117647 0.3200883002207506 0.08855882352941176 0.09565121412803532
0 0.4995588235294117 0.3193598233995585 0.10035294117647058 0.09713024282560706
0 0.5828823529411765 0.30977924944812363 0.09841176470588235 0.08977924944812363
0 0.7465882352941177 0.3083222958057395 0.1043235294117647 0.09565121412803532
0 0.40644117647058825 0.4253200883002207 0.10620588235294118 0.1030242825607064
0 0.1535294117647059 0.4378145695364239 0.09829411764705882 0.07799116997792493
0 0.17508823529411766 0.7674834437086093 0.11005882352941176 0.10448123620309051
0 0.20055882352941176 0.6622516556291391 0.10614705882352943 0.09713024282560706
0 0.3240882352941176 0.5496688741721855 0.11402941176470589 0.10448123620309051
0 0.6044411764705883 0.6386975717439293 0.09841176470588235 0.09123620309050773
0 0.5858235294117647 0.4216335540838852 0.11211764705882352 0.09860927152317882