0 0.36326470588235293 0.8870680628272252 0.09591176470588235 0.2124083769633508
0 0.44855882352941173 0.8803141361256543 0.08835294117647059 0.2049214659685864
0 0.21035294117647058 0.5258115183246074 0.09588235294117647 0.17801047120418848
0 0.11750000000000001 0.5272774869109947 0.10676470588235293 0.18397905759162303
0 0.3006764705882353 0.5033507853403142 0.09338235294117647 0.21094240837696335
0 0.39185294117647057 0.5228272251308901 0.11776470588235294 0.1750261780104712
0 0.534264705882353 0.8713612565445027 0.10688235294117648 0.22287958115183246
0 0.26958823529411763 0.8915706806282722 0.09673529411764706 0.2094240837696335
0 0.1910294117647059 0.892303664921466 0.09923529411764706 0.2019371727748691
0 0.9430294117647059 0.8728272251308901 0.09602941176470588 0.19
0 0.8510294117647059 0.8750785340314136 0.09685294117647059 0.20643979057591622