0 0.6801470588235294 0.4389019607843137 0.14502941176470588 0.184
0 0.5506470588235294 0.4374117647058824 0.10767647058823529 0.18098039215686273
0 0.13158823529411764 0.15082352941176472 0.163 0.2443529411764706
0 0.6134117647058823 0.1968235294117647 0.15858823529411764 0.2488627450980392
0 0.502 0.21568627450980393 0.10991176470588235 0.184
0 0.31085294117647055 0.22623529411764706 0.1279705882352941 0.15384313725490195
0 0.07955882352941177 0.4102745098039216 0.13355882352941176 0.20815686274509804
0 0.6694117647058824 0.6349803921568627 0.11223529411764704 0.1568627450980392
0 0.9346470588235294 0.2051372549019608 0.12411764705882354 0.21419607843137253
0 0.9058235294117648 0.43666666666666665 0.1597941176470588 0.17647058823529413
0 0.21470588235294116 0.4290980392156863 0.1211764705882353 0.17647058823529413