0 0.5698069498069499 0.18649484536082475 0.13305019305019306 0.23345360824742267
0 0.44204633204633204 0.1857216494845361 0.12698841698841698 0.21680412371134022
0 0.32281853281853284 0.182680412371134 0.1133976833976834 0.2258762886597938
0 0.7066023166023165 0.20010309278350516 0.1291891891891892 0.20010309278350516
0 0.8445945945945946 0.19025773195876286 0.1422007722007722 0.21680412371134022
0 0.5698069498069499 0.43587628865979383 0.12853281853281853 0.2107216494845361
0 0.8547876447876447 0.44876288659793817 0.13254826254826255 0.221340206185567
0 0.7213899613899614 0.4555670103092783 0.11783783783783784 0.1986082474226804
0 0.43467181467181465 0.4373711340206185 0.1303861003861004 0.20768041237113402
0 0.28196911196911195 0.8398969072164948 0.13185328185328185 0.1940721649484536
0 0.16498069498069498 0.8156701030927835 0.11795366795366796 0.1940721649484536
0 0.792895752895753 0.9051030927835052 0.12915057915057915 0.18190721649484537