0 0.5622941176470588 0.4260485651214128 0.14741176470588235 0.14863134657836644
0 0.40347058823529414 0.4319426048565121 0.15455882352941175 0.14863134657836644
0 0.23976470588235294 0.42973509933774834 0.1761470588235294 0.16187637969094923
0 0.3877941176470588 0.2413465783664459 0.17023529411764707 0.16187637969094923
0 0.7044411764705882 0.23768211920529803 0.16117647058823528 0.1545253863134658
0 0.5524705882352942 0.2398896247240618 0.16629411764705881 0.16187637969094923
0 0.22211764705882353 0.24209713024282561 0.16441176470588234 0.15746136865342164
0 0.8514705882352941 0.2398896247240618 0.14552941176470588 0.14717439293598233
0 0.8357941176470589 0.4282560706401766 0.1455 0.13245033112582782
0 0.14273529411764707 0.6011699779249448 0.16691176470588234 0.1280353200883002
0 0.08391176470588235 0.4392935982339956 0.16247058823529412 0.14863134657836644
0 0.2858529411764706 0.7512803532008829 0.1630294117647059 0.11920529801324503
0 0.5025 0.7343708609271523 0.1493529411764706 0.12655629139072846
0 0.6465882352941177 0.7328918322295805 0.13958823529411765 0.11772626931567329
0 0.7181470588235294 0.9054525386313466 0.169 0.1891169977924945
0 0.4574117647058824 0.9142825607064018 0.17679411764705882 0.1714569536423841
0 0.590735294117647 0.9175938189845475 0.14544117647058824 0.1545253863134658
0 0.8769705882352942 0.8984547461368654 0.17297058823529413 0.1839514348785872
0 0.7005 0.5842604856512141 0.15723529411764706 0.11772626931567329