0 0.46435435435435435 0.15225 0.13996996996996997 0.30455
0 0.31696696696696697 0.14775 0.1548048048048048 0.29545
0 0.1972972972972973 0.18030000000000002 0.11747747747747747 0.2606
0 0.0693093093093093 0.14775 0.13864864864864865 0.29545
0 0.6154054054054054 0.15305 0.14213213213213213 0.30605
0 0.6408708708708709 0.54925 0.13123123123123123 0.2924
0 0.4270570570570571 0.55 0.1166066066066066 0.2788
0 0.33015015015015015 0.5893999999999999 0.11567567567567569 0.23335
0 0.22369369369369368 0.5879 0.11747747747747747 0.26365
0 0.09948948948948949 0.5924 0.11471471471471473 0.2606
0 0.8678978978978978 0.5560499999999999 0.11945945945945946 0.29395