0 0.2073529411764706 0.17419607843137255 0.17858823529411763 0.2609411764705883
0 0.3572058823529412 0.18478431372549017 0.1593235294117647 0.30015686274509806
0 0.7355588235294118 0.15309803921568627 0.14 0.2910980392156863
0 0.12364705882352942 0.4464705882352941 0.208 0.31976470588235295
0 0.3091470588235294 0.4290980392156863 0.17176470588235293 0.30619607843137253
0 0.5607941176470588 0.404235294117647 0.22711764705882354 0.331843137254902
0 0.8662058823529412 0.6749803921568628 0.25873529411764706 0.4479607843137255
0 0.6728235294117647 0.73 0.2411764705882353 0.4072549019607843
0 0.47600000000000003 0.7436078431372549 0.20491176470588235 0.38309803921568625
0 0.30405882352941177 0.7488627450980393 0.1958235294117647 0.4298823529411765
0 0.11388235294117646 0.7692156862745099 0.22779411764705884 0.3951764705882353