0 0.36526470588235294 0.18470198675496688 0.31008823529411766 0.20750551876379691
0 0.7092941176470589 0.15158940397350995 0.38191176470588234 0.12951434878587198
0 0.6926470588235294 0.2443046357615894 0.36426470588235293 0.1000662251655629
0 0.3652352941176471 0.3841059602649007 0.1486764705882353 0.15304635761589402
0 0.5112941176470588 0.39145695364238414 0.15061764705882352 0.15304635761589402
0 0.6505 0.3980794701986755 0.1545 0.15158940397350995
0 0.11505882352941176 0.4201545253863135 0.2301176470588235 0.08094922737306844
0 0.8524411764705881 0.44370860927152317 0.2916764705882353 0.10448123620309051
0 0.5387647058823529 0.5746799116997792 0.1160294117647059 0.14275938189845475
0 0.24761764705882353 0.5334878587196468 0.1532058823529412 0.08388520971302428
0 0.09667647058823528 0.5305298013245033 0.16494117647058823 0.08388520971302428
0 0.6426764705882353 0.5739514348785872 0.11605882352941177 0.13538631346578367
0 0.7299411764705882 0.7454083885209714 0.2356764705882353 0.05739514348785872
0 0.29858823529411765 0.7432008830022075 0.14538235294117646 0.06770419426048566
0 0.15155882352941177 0.7417218543046358 0.17279411764705882 0.06474613686534215
0 0.3976176470588235 0.5364238410596026 0.15914705882352942 0.06622516556291391