0 0.41762096774193547 0.30600985221674876 0.18955645161290322 0.27167487684729064
0 0.769475806451613 0.28438423645320193 0.1652016129032258 0.30305418719211824
0 0.9222177419354839 0.28586206896551725 0.1555241935483871 0.28211822660098523
0 0.6131048387096775 0.2970443349753694 0.19451612903225807 0.2567487684729064
0 0.5391935483870968 0.5695073891625616 0.15173387096774194 0.2313793103448276
0 0.3858467741935484 0.5687192118226602 0.15495967741935485 0.23285714285714287
0 0.23556451612903226 0.5650246305418719 0.145241935483871 0.22241379310344828
0 0.6852016129032258 0.5627586206896551 0.14322580645161292 0.22689655172413795
0 0.8244758064516129 0.5605418719211823 0.13100806451612904 0.21645320197044335
0 0.5043548387096775 0.7986206896551724 0.13584677419354838 0.2030049261083744
0 0.358991935483871 0.8090640394088671 0.13580645161290322 0.18512315270935958
0 0.21846774193548388 0.8180295566502463 0.155 0.18512315270935958